  0.0   2.0  1.16  0.41  0.178  0.80  0.05  0.05  0.24  0.0400  0.14  0.00091700  6.20
  2.0   5.0  1.16  0.41  0.178  0.20  0.15  0.05  0.24  0.0400  0.11  0.00091700  6.20
  5.0  10.0  1.16  0.41  0.178  0.00  0.35  0.05  0.24  0.0400  0.07  0.00091700  6.20
 10.0  20.0  1.26  0.42  0.178  0.00  0.29  0.05  0.24  0.0400  0.02  0.00091700  6.20
 20.0  30.0  1.26  0.43  0.178  0.00  0.09  0.05  0.24  0.0400  0.00  0.00091700  6.20
 30.0  45.0  1.48  0.43  0.178  0.00  0.06  0.05  0.24  0.0400  0.00  0.00091700  6.20
 45.0  60.0  1.50  0.43  0.213  0.00  0.04  0.05  0.36  0.0100  0.00  0.00032433  5.80
 60.0  75.0  1.50  0.43  0.216  0.00  0.03  0.05  0.37  0.0075  0.00  0.00028200  5.80
 75.0  90.0  1.50  0.43  0.216  0.00  0.02  0.05  0.37  0.0075  0.00  0.00028200  5.80
 90.0 105.0  1.50  0.43  0.204  0.00  0.01  0.07  0.35  0.0051  0.00  0.00062067  6.00
105.0 120.0  1.53  0.42  0.174  0.00  0.01  0.15  0.30  0.0030  0.00  0.00091700  6.50
120.0 150.0  1.53  0.42  0.129  0.00  0.01  0.35  0.20  0.0021  0.00  0.00036667  7.80
150.0 180.0  1.53  0.42  0.126  0.00  0.01  0.37  0.19  0.0020  0.00  0.00028200  7.90
