  0.0   2.0  0.95  0.347  0.11936  0.80  0.01  0.05  0.25  0.054  0.09  0.00063  5.94
  2.0   5.0  0.95  0.347  0.11936  0.20  0.04  0.05  0.25  0.054  0.07  0.00063  5.94
  5.0  10.0  0.95  0.347  0.11936  0.00  0.25  0.05  0.25  0.054  0.05  0.00063  5.94
 10.0  20.0  0.95  0.347  0.11936  0.00  0.30  0.05  0.25  0.042  0.02  0.00063  5.94
 20.0  30.0  1.29  0.347  0.11936  0.00  0.10  0.05  0.25  0.042  0.00  0.00063  5.94
 30.0  45.0  1.29  0.347  0.11936  0.00  0.05  0.05  0.25  0.034  0.00  0.00063  5.94
 45.0  60.0  1.65  0.377  0.15488  0.00  0.04  0.05  0.33  0.034  0.00  0.00036  5.94
 60.0  75.0  1.65  0.377  0.15488  0.00  0.03  0.05  0.33  0.019  0.00  0.00036  5.94
 75.0  90.0  1.65  0.377  0.15488  0.00  0.02  0.05  0.33  0.019  0.00  0.00036  5.94
 90.0 105.0  1.65  0.377  0.15488  0.00  0.01  0.05  0.33  0.019  0.00  0.00036  5.94
105.0 120.0  1.65  0.377  0.15488  0.00  0.01  0.05  0.33  0.010  0.00  0.00036  5.94
120.0 150.0  1.65  0.377  0.11513  0.00  0.01  0.28  0.25  0.010  0.00  0.00046  5.94
150.0 180.0  1.65  0.377  0.11513  0.00  0.01  0.28  0.25  0.010  0.00  0.00046  5.94
